010000000   -2.270000E+00      3.810295E-01   3.432307E-01   8.661047E-01    44.3750    1.228441E+00   -5.041807E-01   1.543574E+00
             2.270000E+00     -1.196695E+00   2.910633E-01  -6.235256E-01   -70.0150    5.178234E-01   -1.423455E+00   1.741110E+00
010000001   -2.270000E+00      1.662949E-01  -1.025756E-01   5.598139E-01    38.2483    6.075891E-01   -5.438698E-01   9.977015E-01
             2.270000E+00     -1.336528E+00   1.005280E-01  -2.009380E-01   -82.1881    1.280956E-01   -1.364096E+00   1.432446E+00
010000002   -2.270000E+00      1.278910E+00  -8.773770E-02   8.743839E-01    25.9963    1.705306E+00   -5.141339E-01   2.012252E+00
             2.270000E+00     -1.779771E+00   2.025598E-01  -2.943969E-01   -81.7287    2.453568E-01   -1.822568E+00   1.956817E+00
010000003   -2.270000E+00      1.640239E+00  -4.854381E-01   5.890040E-01    14.4972    1.792535E+00   -6.377339E-01   2.182440E+00
             2.270000E+00     -1.559954E-01  -1.142417E-01   3.241192E-01    46.8427    1.896723E-01   -4.599093E-01   5.785536E-01
010000004   -2.270000E+00      1.377416E+00  -1.888482E-01   5.085172E-01    16.4986    1.528033E+00   -3.394642E-01   1.723030E+00
             2.270000E+00     -5.848901E-01   9.100331E-02  -1.207399E-01   -80.1697    1.119244E-01   -6.058112E-01   6.688343E-01
010000005   -2.270000E+00      2.562017E+00  -2.165611E-01   5.360865E-01    10.5501    2.661859E+00   -3.164036E-01   2.833342E+00
             2.270000E+00     -1.847936E+00  -3.198625E-01   5.317749E-01    72.5809   -1.530197E-01   -2.014778E+00   1.942793E+00
010000006   -2.270000E+00      2.213067E+00  -4.871575E-01   1.257375E-01     2.6603    2.218909E+00   -4.929999E-01   2.502105E+00
             2.270000E+00     -1.056497E+00  -3.845426E-01   6.117347E-01    59.3882   -2.259414E-02   -1.418445E+00   1.407284E+00
010000007   -2.270000E+00      9.086202E-01  -2.099757E-01   5.398422E-01    21.9930    1.126654E+00   -4.280090E-01   1.390956E+00
             2.270000E+00     -1.894766E+00   1.402407E-01  -1.131143E-01   -86.8283    1.465088E-01   -1.901034E+00   1.978361E+00
010000008   -2.270000E+00      1.782644E+00  -3.488424E-01   5.968468E-01    14.6250    1.938390E+00   -5.045878E-01   2.233842E+00
             2.270000E+00     -1.802303E+00   5.903218E-02   1.301646E-01    86.0191    6.809060E-02   -1.811362E+00   1.846349E+00
010000009   -2.270000E+00     -2.150215E-02   1.233753E+00  -6.921316E-01   -66.1009    1.540450E+00   -3.281992E-01   1.728084E+00
             2.270000E+00      1.238026E-02  -1.589054E+00   2.730612E-01     9.4152    5.765980E-02   -1.634333E+00   1.663913E+00
010000011   -2.270000E+00      1.297865E+00  -5.932392E-01   1.012676E+00    23.4816    1.737803E+00   -1.033177E+00   2.425463E+00
             2.270000E+00      3.246398E-01  -6.361200E-01   9.506118E-01    31.5954    9.093550E-01   -1.220835E+00   1.851361E+00
010000012   -2.270000E+00      1.539297E+00  -5.344242E-01   7.848770E-01    18.5624    1.802864E+00   -7.979912E-01   2.307765E+00
             2.270000E+00      1.912800E-01  -4.139094E-01   6.956651E-01    33.2462    6.473114E-01   -8.699408E-01   1.318686E+00
010000013   -2.270000E+00      3.452187E+00   2.814670E-01   9.176959E-01    15.0323    3.698638E+00    3.501585E-02   3.681255E+00
             2.270000E+00     -2.177965E+00  -1.227026E+00   9.803297E-01    57.9369   -6.129462E-01   -2.792045E+00   2.541622E+00
010000014   -2.270000E+00      2.378497E+00  -1.855580E-01   9.188977E-01    17.8156    2.673798E+00   -4.808598E-01   2.943832E+00
             2.270000E+00     -9.511523E-01  -9.226562E-01   1.025471E+00    45.3980    8.866554E-02   -1.962474E+00   2.008275E+00
010000015   -2.270000E+00      3.050472E+00  -2.417933E-02   6.860040E-01    12.0240    3.196587E+00   -1.702941E-01   3.285046E+00
             2.270000E+00     -1.990960E+00  -7.343974E-01   7.851909E-01    64.3328   -3.570634E-01   -2.368294E+00   2.211488E+00
010000016   -2.270000E+00      2.349896E+00  -3.162060E-01   6.496943E-01    12.9917    2.499790E+00   -4.661007E-01   2.762491E+00
             2.270000E+00     -9.226303E-01  -6.216794E-01   8.074731E-01    50.2781    4.921938E-02   -1.593529E+00   1.618700E+00
010000017   -2.270000E+00      4.578708E-01  -1.020366E+00   1.531564E+00    32.1192    1.419336E+00   -1.981831E+00   2.958894E+00
             2.270000E+00      1.662151E-01  -5.810004E-01   1.064157E+00    35.3273    9.204425E-01   -1.335228E+00   1.964446E+00
010000018   -2.270000E+00      9.494029E-01  -7.546288E-01   1.266261E+00    28.0325    1.623607E+00   -1.428833E+00   2.645284E+00
             2.270000E+00      3.113026E-01  -7.181386E-01   1.080767E+00    32.2668    9.936593E-01   -1.400495E+00   2.083353E+00
010000019   -2.270000E+00      3.820140E+00   3.714639E-01   1.268876E+00    18.1740    4.236686E+00   -4.508288E-02   4.259407E+00
             2.270000E+00     -2.724335E+00  -1.454313E+00   8.643863E-01    63.1512   -1.016756E+00   -3.161893E+00   2.795798E+00
010000020   -2.270000E+00      2.089135E+00  -3.073768E-01   1.385196E+00    24.5694    2.722432E+00   -9.406735E-01   3.295060E+00
             2.270000E+00     -1.289040E+00  -9.691736E-01   1.013314E+00    49.4846   -1.032488E-01   -2.154965E+00   2.105240E+00
010000021   -2.270000E+00      1.651169E-01  -1.168170E+00   5.879242E+00    41.7654    5.415390E+00   -6.418444E+00   1.026066E+01
             2.270000E+00      1.606923E+00  -7.467647E-01  -3.523923E+00   -35.7664    4.145317E+00   -3.285159E+00   6.449337E+00
010000022   -2.270000E+00     -5.020145E+00  -1.877943E+00   5.771271E+00    52.6142    2.532254E+00   -9.430342E+00   1.091896E+01
             2.270000E+00      4.622634E+00   1.122048E-01  -3.359237E+00   -28.0623    6.413463E+00   -1.678624E+00   7.397032E+00
010000023   -2.270000E+00     -1.106320E+01  -2.822670E+00   4.590626E+00    65.9546   -7.744315E-01   -1.311144E+01   1.274189E+01
             2.270000E+00      8.133430E+00   1.310271E+00  -2.730770E+00   -19.3376    9.091745E+00    3.519562E-01   8.920976E+00
010000024   -2.270000E+00     -1.631901E+01  -3.835548E+00   3.189714E+00    76.4658   -3.067751E+00   -1.708681E+01   1.577821E+01
             2.270000E+00      1.070718E+01   2.277297E+00  -2.701272E+00   -16.3275    1.149849E+01    1.485982E+00   1.083222E+01
010000025   -2.270000E+00     -1.922990E+01  -5.059139E+00   3.980045E+00    75.3380   -4.017812E+00   -2.027123E+01   1.859084E+01
             2.270000E+00      1.148742E+01   3.822670E+00  -4.162520E+00   -23.6823    1.331310E+01    1.996982E+00   1.243546E+01
010000027   -2.270000E+00     -3.352160E+00  -2.312923E+01   2.660554E+00     7.5295   -3.000496E+00   -2.348090E+01   2.213371E+01
             2.270000E+00      1.569728E+00   1.579022E+01  -5.789903E-02   -89.7667    1.579045E+01    1.569492E+00   1.506714E+01
010000028   -2.270000E+00      1.503005E+00   3.582962E+00   5.395320E+00    50.4551    8.037621E+00   -2.951653E+00   9.850882E+00
             2.270000E+00     -3.687211E+00  -4.048195E+00  -3.305855E+00   -43.4374   -5.569245E-01   -7.178482E+00   6.916856E+00
010000029   -2.270000E+00      3.721934E+00   4.154428E-01   1.136867E+00    17.2573    4.075100E+00    6.227668E-02   4.044322E+00
             2.270000E+00     -2.419295E+00  -1.511361E+00   1.022566E+00    56.9694   -8.465223E-01   -3.084134E+00   2.760017E+00
010000030   -2.270000E+00     -1.622437E+00  -1.951373E-01   6.544441E+00    48.1117    5.674449E+00   -7.492023E+00   1.143866E+01
             2.270000E+00      9.787655E-01   2.627861E-01  -5.403770E+00   -43.1049    6.036391E+00   -4.794839E+00   9.400640E+00
010000031   -2.270000E+00     -3.580884E+00  -1.572308E+00   5.013752E+00    50.6634    2.536750E+00   -7.689942E+00   9.223762E+00
             2.270000E+00      4.445554E+00   2.722867E+00  -3.254345E+00   -37.5876    6.950615E+00    2.178071E-01   6.844311E+00
010000032   -2.270000E+00     -2.681215E+00  -4.301009E+00   4.746315E+00    40.1582    1.323807E+00   -8.306031E+00   9.040917E+00
             2.270000E+00      2.799911E+00   5.426512E+00  -3.468572E+00   -55.3690    7.822087E+00    4.043371E-01   7.627960E+00
010000033   -2.270000E+00     -7.549994E-01   2.805392E-01   5.106067E+00    47.8951    4.895021E+00   -5.369482E+00   8.892486E+00
             2.270000E+00      1.146364E-01   3.523690E-01  -4.159406E+00   -45.8185    4.394607E+00   -3.927601E+00   7.211025E+00
010000034   -2.270000E+00      2.350880E+00   7.357440E+00   4.909286E+00    58.5087    1.036483E+01   -6.565113E-01   1.070819E+01
             2.270000E+00     -3.229288E+00  -6.672743E+00  -2.903090E+00   -29.6646   -1.575771E+00   -8.326261E+00   7.660900E+00
010000035   -2.270000E+00     -4.182004E-01  -2.133456E+00   1.703630E+00    31.6394    6.314943E-01   -3.183151E+00   3.541381E+00
             2.270000E+00      1.657550E-01   5.028518E+00  -1.982789E+00   -70.4014    5.734503E+00   -5.402302E-01   6.022817E+00
010000036   -2.270000E+00      2.303329E+00  -1.744068E-01   1.166610E+00    21.6397    2.766158E+00   -6.372362E-01   3.133751E+00
             2.270000E+00     -1.051611E+00  -1.096148E+00   1.103341E+00    44.4219    2.968568E-02   -2.177445E+00   2.192439E+00
010000037   -2.270000E+00     -2.085198E+00  -2.334422E+00  -5.062936E-01   -38.0864   -1.688407E+00   -2.731213E+00   2.387225E+00
             2.270000E+00      7.979732E-01   5.429805E+00   2.681852E-01    86.6973    5.445282E+00    7.824969E-01   5.099263E+00
010000038   -2.270000E+00     -1.686718E+00  -3.116458E+00  -5.681133E-01   -19.2372   -1.488466E+00   -3.314710E+00   2.875587E+00
             2.270000E+00      7.080795E-01   6.133333E+00   1.077077E-02    89.8863    6.133355E+00    7.080581E-01   5.811765E+00
010000039   -2.270000E+00     -3.259780E+00  -4.269168E+00  -9.964521E-01   -31.5691   -2.647499E+00   -4.881449E+00   4.232513E+00
             2.270000E+00      1.593497E+00   5.794341E+00   6.896491E-02    89.0597    5.795473E+00    1.592365E+00   5.186003E+00
010000040   -2.270000E+00     -2.846362E+00  -4.615506E+00  -8.535444E-01   -21.9887   -2.501705E+00   -4.960164E+00   4.295682E+00
             2.270000E+00      1.409153E+00   6.142226E+00  -1.505525E-01   -88.1800    6.147010E+00    1.404369E+00   5.579007E+00
010000041   -2.270000E+00     -2.905922E-01  -1.085976E+00  -3.426160E+00   -41.6895    2.760880E+00   -4.137448E+00   6.013646E+00
             2.270000E+00     -6.314804E-01   2.203110E+00   6.905203E-01    77.0121    2.362375E+00   -7.907460E-01   2.841502E+00
010000043   -2.270000E+00     -2.440864E+00  -4.798594E-01  -5.341114E-01   -75.7107   -3.438225E-01   -2.576901E+00   2.423352E+00
             2.270000E+00      6.281613E-01   3.670193E+00   7.669520E-01    76.6205    3.852616E+00    4.457381E-01   3.650216E+00
010000044   -2.270000E+00     -2.679337E+00  -4.503767E+00  -3.275093E+00   -37.2179   -1.917911E-01   -6.991312E+00   6.897417E+00
             2.270000E+00      1.030219E+00   4.803011E+00   1.132524E+00    74.5105    5.116865E+00    7.163645E-01   4.798953E+00
010000045   -2.270000E+00     -3.658851E+00  -3.481894E+00  -1.696805E+00   -46.4925   -1.871263E+00   -5.269482E+00   4.626930E+00
             2.270000E+00      1.623932E+00   4.982092E+00   4.319425E-01    82.7868    5.036760E+00    1.569263E+00   4.464027E+00
010000046   -2.270000E+00     -4.457274E-01  -2.173723E+00   1.854893E+00    32.5121    7.365199E-01   -3.355970E+00   3.778457E+00
             2.270000E+00     -6.691778E-01   3.624971E+00  -2.594180E+00   -64.8064    4.845344E+00   -1.889551E+00   6.016916E+00
010000047   -2.270000E+00     -4.415428E+00  -2.839679E+00   3.490656E+00    51.3595   -4.908604E-02   -7.206021E+00   7.181603E+00
             2.270000E+00      3.772424E+00   4.639055E+00  -4.066581E+00   -48.0411    8.295341E+00    1.161381E-01   8.237885E+00
010000048   -2.270000E+00     -9.640940E-01  -2.717127E+00   2.604445E+00    35.6998    9.073732E-01   -4.588594E+00   5.103145E+00
             2.270000E+00      8.128420E-01   5.937457E+00  -2.771265E+00   -66.3782    7.149448E+00   -3.991494E-01   7.357148E+00
010000049   -2.270000E+00     -9.472750E-01  -2.324311E+00  -1.428811E+00   -32.1357   -4.974189E-02   -3.221845E+00   3.197264E+00
             2.270000E+00      9.494029E-01   3.495710E+00   2.070083E+00    60.7963    4.652816E+00   -2.077037E-01   4.760068E+00
010000050   -2.270000E+00     -5.733501E-01  -1.305244E+00   9.896220E-01    34.8532    1.158185E-01   -1.994413E+00   2.054772E+00
             2.270000E+00      5.741520E-01   2.902192E+00  -1.679246E+00   -62.3645    3.781407E+00   -3.050632E-01   3.942800E+00
